1 3544093721
2 2341743674
3 1627518062
4 867806288
5 308305001
6 92347473
7 31886586
8 10330766
9 3425986
10 1195673
11 559080
17 374547
18 361014
12 326854
19 313814
16 312545
20 261313
15 241879
13 222336
21 204663
14 198103
22 160171
23 135716
24 120764
25 106648
26 93017
27 83504
28 71593
29 60231
30 51198
31 43766
32 32446
33 26771
34 21707
35 16952
36 14438
37 9949
38 8693
39 7437
41 5183
40 5050
42 3894
43 3195
44 2580
45 2012
46 1834
48 1823
47 1199
49 973
51 957
50 883
52 814
55 720
53 579
57 525
54 523
58 426
56 359
60 299
62 276
61 257
59 256
64 196
67 164
63 163
69 153
66 151
65 145
68 96
72 81
71 76
73 72
74 68
70 63
75 44
77 44
80 43
81 41
78 40
76 40
79 33
86 28
83 22
85 22
95 22
88 21
84 21
91 20
87 19
90 17
82 17
89 15
93 15
94 14
105 14
96 13
99 13
100 12
103 11
92 11
97 9
98 9
102 8
107 7
106 7
126 7
125 7
114 6
111 6
109 6
104 6
155 5
108 5
124 5
123 5
188 5
157 4
133 4
110 4
119 4
129 4
101 4
117 4
121 4
171 4
210 3
118 3
115 3
154 3
112 3
160 3
122 3
229 2
226 2
222 2
841 2
130 2
243 2
148 2
153 2
200 2
120 2
174 2
132 2
116 2
127 2
141 2
158 2
143 2
961 2
215 2
189 2
549 1
2480 1
137 1
273 1
245 1
134 1
1505 1
216 1
289 1
439 1
159 1
247 1
346 1
438 1
321 1
198 1
202 1
135 1
177 1
131 1
193 1
173 1
235 1
270 1
196 1
447 1
446 1
239 1
266 1
146 1
702 1
1154 1
1570 1
267 1
1478 1
785 1
139 1
179 1
542 1
166 1
197 1
1020 1
1951 1
201 1
128 1
149 1
144 1
138 1
172 1
185 1
1861 1
136 1
162 1
701 1
1103 1
891 1
2787 1
406 1
10317 1
1032 1
808 1
170 1
238 1
231 1
275 1
147 1
285 1
585 1
113 1
963 1
140 1
255 1
