55040
86719
107369
111901
111560
131953
89133
207515
62422
71763
124983
66025
78783
89006
54501
90478
107712
171268
189668
99331
78292
49547
67741
193537
79615
173229
98410
386912
66966
109275
96557
83438
212235
90708
57526
81476
62833
133408
64887
119675
70587
74247
282130
62555
72085
136195
64739
272049
84913
235906
89669
68438
122688
178652
143901
98181
418253
63973
127904
67604
85521
118103
71270
298873
66460
78002
80185
206685
90616
92057
265243
213121
82784
113156
74710
195410
72409
85142
69734
333791
87344
72789
103236
98191
60839
93387
327920
102778
98759
189194
91901
95444
381368
77580
95949
92744
352282
100892
58836
128313
213461
176602
122585
183117
214392
97544
152154
94066
143880
128456
120357
88262
573163
498009
130247
81592
121066
120827
111583
104496
508191
84932
127438
224230
49745
129703
132645
89499
69658
55648
112328
114738
286817
138542
109278
101223
70480
267663
107825
219323
133542
151507
134234
93224
135577
66685
79421
132605
134026
166453
105072
88709
73002
491386
116438
97157
73901
85374
192120
120670
109523
98531
118448
105487
147531
148572
124890
84911
123475
86505
109597
122873
94039
288247
124417
84136
84640
66112
244725
145441
84731
100079
121397
122342
297592
127757
178388
109385
123082
99114
96670
311576
85378
126916
162224
249703
110728
138387
100603
101861
142780
92402
73112
84346
105701
76140
130044
113077
88864
81692
573136
251496
84078
474531
84544
216746
294593
134427
112000
320621
98636
491575
230664
129535
116966
103389
103356
81645
110468
204051
115699
207038
97569
69952
90869
112992
128848
115636
75871
162997
86559
87644
69175
160140
104237
123262
173801
105604
82260
102409
97129
190015
103588
179645
142148
95599
76018
194212
337678
57787
168251
139955
81320
140248
66510
102581
117835
113963
79259
130242
146769
38815
188612
119416
113201
96759
98610
83550
150732
77503
143358
140739
129746
86158
83644
158376
113511
235867
156846
141741
95933
103854
78384
99984
102717
212758
119254
117118
111841
86555
128820
97965
118122
70830
112131
146174
96765
84599
81945
88104
82764
438678
182915
149257
625603
229034
436954
388084
292815
151726
109665
86845
133372
135462
100075
105113
144094
160258
160127
72805
210804
155683
73276
200278
137596
95210
95369
240461
527804
146308
74301
92138
100841
88824
137684
448440
124003
431306
143931
49580
88950
141761
81975
112777
175409
103523
455715
125825
114435
74229
128585
89503
100833
85241
581189
131944
120751
115967
165130
86097
115145
145850
183790
96587
144760
420611
165340
315651
79431
512755
135317
82871
103332
443646
77706
85131
124449
91281
501847
523813
74962
70583
222718
289993
527161
185785
135819
162639
538091
110925
231309
87479
95710
249333
64191
199912
63536
320975
58322
71439
86959
96700
197033
149778
365043
123233
133253
97283
217222
111346
153891
67346
117146
87962
328668
109826
137985
101198
52218
67395
76770
210402
96721
81364
552481
110009
145724
340095
204140
91070
90180
153419
248254
87250
136100
85162
89250
447430
282703
87698
111317
76626
122216
114346
94288
105408
100988
135958
104412
143548
111637
207241
95344
52000
94346
76463
97620
71491
71520
57574
58109
86885
90660
124704
106063
509296
120328
85434
250120
47596
175849
310187
150528
116390
92313
86996
98384
384328
168396
122355
149936
151663
232213
212801
379844
200036
314905
297684
394321
160820
274593
152088
392908
459327
452776
529379
476100
366671
279731
310721
379338
103417
340511
352138
368347
519280
294294
127562
174422
277630
378742
461890
664585
415080
352457
423920
181985
251824
226503
133982
430482
193431
438904
499131
230234
148949
234356
442065
572949
177255
497590
269720
80295
122146
373918
158264
304483
353837
519066
269302
408286
376692
558110
379618
380135
247249
117492
109533
124875
108208
151741
219200
138461
305659
523217
509730
537696
336640
283814
578332
118947
329215
317717
510950
141064
326905
643897
477759
334919
464299
132209
181551
392517
237552
188736
352591
500981
429047
491986
445579
422308
193049
201651
157429
473425
95726
171039
115832
220720
513608
300849
234398
204343
216954
329336
316349
287952
178585
621143
118788
532439
139540
163727
353281
583810
235452
287164
294016
221405
326512
212837
230198
221348
90578
341560
121983
292996
323757
117275
156869
150873
144823
141311
407255
293152
165065
180384
124374
332630
401556
412071
244150
321927
152864
383925
102710
447332
333360
133394
532239
264448
102688
227264
286083
335571
129900
212924
139148
97339
91248
131438
114091
454853
195958
94619
389438
108499
150039
496776
166211
78444
98610
56137
170060
512838
84173
71258
120967
111880
89434
103074
92558
102483
61652
287903
126810
77728
123247
128433
105520
94919
96473
101483
219853
85931
101496
90257
103391
84461
108261
160619
70881
111051
253306
155720
73253
81647
201539
99141
71721
168979
104660
371275
201247
150858
81563
117312
125963
83349
92647
558072
111386
74945
97251
151897
109419
161023
79521
128319
169483
63537
75008
95087
125162
108766
88986
117064
210300
84972
118049
86145
175009
93957
123630
145913
85305
122792
97692
78812
104119
68645
110519
108215
129709
87670
90263
120751
98827
68977
149748
252282
132674
167057
113988
111568
84736
55919
321649
80714
128665
84767
122792
69849
291510
165080
136172
81085
130255
154377
78934
120238
90836
112097
91840
65605
90160
86069
111771
71723
343545
123593
79986
55497
79607
145093
60591
66397
131532
100726
65481
83620
67808
69385
81785
57733
89841
97458
143654
115442
87106
100484
132241
96364
203778
152754
106472
94177
65876
119033
98617
80458
73013
97230
75646
76952
83053
110679
210345
90815
92724
94680
134954
90769
244549
125516
72007
102241
103095
83281
126846
82863
93114
87388
125411
105619
62996
207555
157943
69968
94685
94494
63110
136497
112681
63541
229472
130422
143123
182510
108835
89207
158995
97231
90886
175719
108511
147819
73769
181683
90366
166632
131273
488127
263901
60566
146336
184631
233179
316421
95924
280141
93642
66052
376766
114592
132343
322971
397125
115141
104079
78836
111136
306866
368094
206947
92370
95694
141009
90044
104328
153214
82864
137108
81457
773867
112318
96964
128966
181758
93478
58614
155433
71267
97675
97419
60447
92520
68693
121692
103397
78752
143639
120424
114549
117372
123798
456152
121214
158000
128176
177691
86191
75763
158301
86507
80922
117194
171342
129883
89847
157299
135438
125608
489896
112526
192648
101571
192580
122695
564498
78796
269956
87063
98973
69879
98519
108144
80208
54499
116561
137555
358201
122951
57773
95452
103819
83031
94159
488691
92555
248485
100626
113816
142889
108481
84594
83854
153657
287259
104827
179038
236655
80633
138686
110278
216173
119289
153029
79147
306905
118342
181937
157000
91979
112540
498264
94138
107387
268509
81796
438829
108610
115118
135136
172680
133911
160297
97600
150442
138300
120899
115453
72801
80078
163843
86431
58238
84837
70898
116996
85223
62311
88598
177742
223304
65063
202032
94474
152797
132841
224518
169247
272610
129589
157159
86141
104816
130301
68814
166312
111448
144688
170034
137374
190724
437390
96359
154139
314645
125935
92846
73019
143881
103490
173118
103391
113286
112385
93610
70825
204608
157492
104660
115048
86442
188693
126935
88628
71959
100685
120110
106461
327355
97335
98604
78103
81205
150875
154880
87865
67047
136512
161807
103862
67541
96112
78673
176251
123703
98706
94181
147381
77530
107437
101260
98617
111290
66544
97399
124105
118600
70764
113313
195149
101999
96344
108795
108395
83608
72882
110319
76992
95023
86714
130526
94506
61494
146680
85046
83604
114412
220478
139074
91510
100126
88800
443250
77865
136382
153965
99698
59706
205391
99326
92806
81328
128329
95431
77121
99035
100766
93397
87409
90226
101539
87202
79597
91734
161272
92230
82828
61290
102183
112280
77310
71798
100734
78387
48795
81910
75798
99367
107833
71833
99925
95837
86466
86967
107066
89465
84402
83521
169513
81906
93939
96237
52846
72705
70478
80602
49374
55268
107249
59231
64034
160313
109287
120260
78482
127238
92743
75059
55911
63201
56664
74427
88347
69104
109757
74131
81793
49979
90861
70799
186083
63382
84362
170019
103560
150974
74899
223865
78620
72100
159804
119991
180996
76447
139277
59466
102969
79892
130857
101768
106887
295010
117979
129356
162602
153400
124954
153965
156512
107242
142714
90784
88867
98814
72372
88517
117731
71131
138976
106501
119488
114111
83878
159009
170981
111840
136039
110574
82278
106070
83092
101095
102326
104558
96963
176423
75467
91153
152385
119031
90534
103755
136122
91398
124403
112670
176267
95226
93443
207016
150066
79238
113545
81782
96443
167428
117352
76759
82423
176763
185914
231355
128470
137903
90188
118116
174026
128137
115951
86052
172468
131119
53679
176905
127609
82965
165489
250613
93018
70803
110124
133102
98028
242921
170686
71232
253598
140376
97498
204003
106548
120315
270754
104059
123351
90918
67162
113013
110841
96157
279663
81015
140379
97985
101384
180244
107733
127648
113393
67227
55031
165471
136029
135380
105389
372003
61697
83296
178524
94859
93795
90438
86772
124617
153150
91522
144007
66083
124783
131934
180653
87761
85474
84184
68614
112876
89048
99910
107495
93545
109867
82559
93795
70591
138995
199343
113833
83315
172873
74771
109014
77563
249042
82637
119449
76390
79228
214532
134342
121571
105919
118229
124746
95238
68220
68342
97551
268154
86401
168287
74458
124550
75039
231820
104411
120972
85239
144694
72139
65917
143442
362881
177969
140836
149076
173479
79600
118827
171325
141339
94790
116332
112796
77866
187680
153904
116076
118275
125727
114438
168468
103801
81832
87023
116796
105894
74837
76042
471932
136987
92257
99068
100270
122771
97351
79516
65777
115479
99685
87166
180463
239048
123552
150734
73188
101121
173819
92906
267631
156684
119810
98907
80687
108652
212888
170278
127117
127380
117127
104336
149496
108544
107248
115626
313900
100918
83166
155445
225009
72183
105245
145385
73585
74166
118894
101170
77488
113500
186987
65968
134514
104176
72332
94542
108462
62652
109480
125227
165354
157271
130137
52402
154738
94987
110269
125200
112787
131523
97660
156226
96846
94918
91142
99328
86524
421825
178522
112924
61098
96779
171798
95085
94170
102033
149586
94177
148731
135210
113908
174318
121146
110151
128972
68217
310549
85469
88342
139794
120288
117036
59816
127292
123577
121452
620145
114036
95829
166255
261662
156695
163373
93442
82806
217928
90695
87533
117836
103842
108202
90888
148933
77637
69272
102011
121826
99101
186526
196292
51967
67636
76570
122735
122783
81972
146879
98544
172793
61311
105694
104260
171308
101437
109249
125506
106292
123142
133065
44188
111405
131152
69470
172791
102481
106358
162374
83881
151782
176042
96417
163411
95927
123043
90867
82730
90291
335645
662060
76434
139433
554573
102608
71645
70201
475441
99116
96371
72078
91208
151636
114632
85168
118963
120820
101017
107335
124701
126881
121189
77833
78185
139072
88499
57634
116435
119845
133234
222981
88153
612799
103693
142016
142817
86843
85239
135452
220785
103246
155584
121693
75184
78927
85199
81481
104763
86250
283894
97231
131158
103964
84618
96297
130129
94100
116069
108078
138185
195042
138217
155310
140778
128818
93978
146847
120051
98452
108285
144597
84525
119853
66303
87549
107226
91610
92720
90087
138854
101128
144362
173349
156459
73028
152874
126411
110934
63167
98562
176648
94816
162143
143400
77503
457236
79622
61455
97661
91868
142078
128963
89782
94253
190097
194563
101221
124215
82161
88190
96577
107124
86687
63848
127784
94818
119780
100504
117656
197265
85748
146206
70975
198536
83740
127460
79297
138559
93388
78700
91170
104567
170151
157788
169993
165929
122339
197455
119287
89571
83404
54393
88663
192941
81828
132702
100451
86844
107299
185931
65398
121848
82429
142894
98943
82264
115267
88484
117511
83472
100677
125137
93062
158486
137034
602343
108157
165933
109348
98837
143532
92498
162317
105484
52512
196858
150762
97188
138354
116711
101156
67402
85638
96708
93609
101446
77217
137020
177476
91151
107740
167394
193277
113394
102973
114315
83333
141217
89301
86853
197373
69324
91528
143309
71042
72482
58633
120113
76942
147796
60143
89004
78266
118657
326811
76313
197485
216659
82152
108909
82277
126849
111986
160096
121098
108022
165440
131694
152846
191085
98567
124764
74858
110662
108571
226240
72930
79041
173751
85252
95769
108340
118996
264312
158466
74686
138804
206438
100890
103066
75115
109628
125377
130797
159386
418198
182565
109315
192759
115015
145941
103823
92242
127364
71511
67804
130626
130709
110782
92506
133351
109587
87532
240501
151916
156664
75814
92204
122833
81331
84361
88608
138172
122093
98476
116569
82555
114741
119461
120790
90015
90170
88074
71005
141844
107442
112231
69407
109465
114912
86422
122508
84143
93686
97221
96315
160211
111950
96313
123938
147555
75272
189370
125191
97238
225223
250707
73562
185935
63697
122307
73128
67363
63180
51804
83781
139390
92189
61396
103121
110225
113246
109053
123774
115588
112530
112187
116928
115601
105984
111555
106403
144907
165814
67242
165880
63933
385558
107237
110439
63990
77900
109051
78266
91834
183723
134098
97793
117978
88103
74854
169137
108532
80703
103010
103903
138366
95283
82767
90751
61484
82504
120119
128141
104243
122500
191972
48705
179775
63933
90824
222155
107052
61074
91261
119576
125254
120803
92750
187856
107478
151507
80470
127444
91264
111696
92483
100259
111040
87355
89972
80274
204660
90365
289602
100734
109135
108739
80757
124287
370017
100617
85824
115402
104398
106698
107345
128844
186222
132610
256635
143415
240579
90725
156002
74321
109662
103446
128725
65842
111929
86715
120978
343319
88916
93904
79759
84396
81849
77870
95098
124533
95850
78986
115112
100160
85394
121685
64442
98572
125823
77162
77158
88738
61624
66602
68689
99281
83965
105891
132479
83265
129644
102176
141624
106005
78549
190989
99320
103615
103238
102606
72718
187267
89693
142839
313660
171540
98983
139717
111698
84020
85656
118946
127725
67121
80152
114583
56516
91020
77294
111954
68632
135843
133895
129063
190912
80188
124667
98149
85828
72640
68371
298024
130904
193062
142650
92239
89252
300340
92257
77132
91410
88967
79919
60466
122906
85564
96351
135080
121650
98286
80882
140324
68785
90565
50569
241639
107151
182904
88891
166167
108713
96472
82115
135963
161056
112297
99488
127013
101427
97177
74794
106863
85909
124907
126947
61238
131488
68455
102416
106456
128258
192429
133069
138238
137805
84895
163559
280784
316660
123605
126358
118375
66243
96226
136559
143582
109100
137700
80404
155874
160778
193326
153926
132915
110381
95004
219251
66762
150081
251092
126425
113765
130981
112651
149127
112692
129222
81562
92858
65908
166526
56961
72049
120522
148008
132505
179283
412346
139318
131302
220054
194116
136019
175433
84132
138492
61923
85445
89092
81612
84444
102269
310965
88883
131304
119686
94633
269227
393120
104609
115756
101354
83619
104230
189533
93212
79652
132536
136627
187359
129310
110826
97940
77267
148603
89323
185168
95698
51001
83760
55327
45369
128806
143516
131163
248204
123650
190551
137392
174534
101721
98352
166239
110223
86343
101779
80548
115433
60256
150126
61445
160256
53594
74713
147007
92469
117655
87951
156441
126149
69567
166147
103269
76541
104291
94179
264334
200157
72262
804370
95806
86844
188848
91250
87980
79371
126131
99824
141802
133000
142057
113597
175252
154357
198100
104355
120812
131852
172319
125380
109654
199080
165454
109974
240619
113871
98892
589779
119409
107222
491748
171940
118866
133844
93174
108327
93908
94144
175083
256444
112032
250430
66354
59318
116170
153572
138037
97065
102126
107319
97554
121037
127334
114335
103201
184341
143496
141514
99086
157209
112110
83289
90572
98461
86824
510836
177968
83883
260399
154264
74967
106655
106045
51094
68106
190179
88617
67874
86073
121406
85829
106168
70962
114672
122694
158002
89653
132554
69090
61962
107946
118008
92609
132849
97503
118151
103216
114888
311334
98030
127358
104749
52263
185288
464151
115154
110388
87928
133831
90641
55569
553353
84212
104166
95214
70601
100657
144977
107853
106127
91718
87200
76783
97194
57962
134179
75024
96667
122124
57572
92830
309859
142155
56631
559378
141513
113424
104626
97074
70420
172465
77627
155938
402531
131749
91601
64034
138940
202487
140809
99906
97805
165711
587296
106907
162836
114194
108830
162288
98493
160417
132378
91573
65051
69587
90630
112706
67909
127181
84489
54849
371967
136059
96339
280876
461617
113638
108736
123634
115283
79275
179448
153585
113729
45985
141520
79839
63276
122878
93037
299323
224913
137269
499373
158097
299811
216195
157918
181430
214958
110572
110874
104455
210782
104951
81736
81033
77501
155129
143071
115603
106340
96794
112489
67993
84886
275974
142711
121450
179711
1448010
89039
99327
81459
97306
151083
78767
196871
161024
101192
81532
80565
403786
104811
113370
63239
133535
110719
175647
92020
123017
94386
86838
85232
101842
106404
133176
98920
118459
146435
127880
102426
106672
505414
183003
142861
99495
79748
156352
146518
82834
140843
107036
320770
121964
136069
142193
613795
86838
81097
152865
145283
63959
104185
51424
133190
90010
82631
61590
65587
595027
91050
145888
93661
171884
138982
95930
195638
97298
80017
115148
98528
515495
68376
139637
103219
184214
116034
89171
67561
80105
78618
72485
68942
88713
243608
436782
342145
72315
83179
111409
245596
134965
216836
137709
239614
126798
261823
141137
97738
165916
85762
100229
88556
543702
194972
115185
72162
86141
701239
102805
125048
110436
239820
146464
117714
379892
116624
96880
217444
132953
79135
637675
195038
70300
112114
92290
120512
98570
85242
85406
128545
74674
102372
219914
91965
72789
86499
154130
107364
83777
147030
134672
108111
158941
304838
126156
73648
115593
65576
83618
71458
86352
86336
148800
124198
88556
63900
71956
308420
301210
100217
452225
89594
135425
531560
122751
64119
93776
198804
108905
100789
160108
75849
78703
126309
71604
52142
86346
91950
122174
101905
90705
68205
83236
129510
373284
141676
100695
78981
152370
74628
86092
105645
121709
100565
85758
74862
381863
66313
112660
110505
100356
70589
146947
98347
198972
64249
107817
85217
71416
86424
335251
117771
84661
83169
198677
143289
122270
71883
194994
99592
121699
106781
146193
83899
80142
109900
75246
109587
81507
102008
84954
93861
93003
133961
83970
79449
92593
106825
88458
119211
160995
120457
251099
127463
122127
116187
107178
76936
274905
102670
214034
499856
143514
109493
101348
93673
124617
130754
119665
79390
131527
162393
104869
104644
431218
105926
186548
157969
81267
122369
102282
68084
82626
57334
81088
115787
109182
88061
63468
113587
87874
158374
84223
92716
137169
145064
101961
168300
77705
140744
114498
97133
98771
140495
92470
97692
130352
90160
132326
82132
132669
96477
82973
109682
104991
164857
101640
135223
149923
117141
107840
91903
87258
64757
88047
376766
83265
97398
135297
94655
69828
213198
108963
134858
142604
79926
133876
75985
240286
82512
192061
140883
128627
90092
86977
106341
135143
135014
119063
101523
88093
107261
114893
49921
529132
72111
240786
241418
142404
56706
97596
65903
86152
107566
64914
110381
78458
210621
121161
164980
119187
257712
101426
92050
223465
183564
120564
79411
118308
130580
74400
116669
131308
131258
123382
135270
169308
148038
124611
85928
111175
138899
122431
72246
145620
101227
91854
183379
116003
84046
47707
184764
74823
95817
112917
116143
121137
109907
113129
107126
103880
97842
84786
117676
73653
95331
86234
56650
61219
82217
83966
75307
111281
97930
133094
94398
196296
167226
88369
99926
203373
66412
137991
128076
90475
64177
91596
63551
63375
47146
46741
51277
53913
138191
95981
94361
70448
145073
108467
84717
88392
144612
97381
90616
71022
109836
102957
79346
96838
170233
112594
67386
78961
80533
176798
83042
60833
118787
75740
97463
579705
93775
76578
57020
54708
86000
130112
119886
56806
87558
115356
155730
109466
92675
75666
120843
66798
61256
70876
95402
98777
65481
88883
123942
121792
99347
105169
136562
113773
87794
99436
138986
81294
119065
94797
105075
89448
139754
82244
103003
101701
120428
181120
87397
612017
437002
78288
326667
108853
242698
80181
113380
126052
117902
68810
96936
103428
351337
93488
65724
126121
113899
530201
82497
66993
109294
241578
93200
70920
103745
171299
101178
85065
517778
96033
108818
73581
290931
108346
73945
107811
491282
158034
195677
103186
91331
148270
95204
103464
77423
81894
416508
137391
109537
102686
76893
112632
99893
95453
128013
79657
62896
118140
72345
186165
66475
139070
65753
129167
77287
65085
122631
82017
130234
121333
157098
101637
200307
97380
129058
68981
98583
100820
78607
134692
165096
273989
72693
181708
390314
91970
171189
187835
103134
127757
88158
113229
151309
124775
84999
87144
120367
347140
113199
80230
62299
119828
142929
122748
94877
147015
121157
102308
187260
137262
166366
152456
132952
92429
58342
74479
471920
73271
120006
109808
63757
78206
134787
77840
77085
161894
169654
78620
339263
60989
85351
159090
120316
95246
349745
301165
110272
101360
119908
296798
97624
75457
142167
109432
142143
75033
145778
92657
76912
105752
101967
123415
103715
79587
112364
75632
79589
119570
67911
124210
70785
97398
72294
76314
99487
96738
97427
116498
84693
94737
123533
107227
74348
70042
84766
100762
193004
117019
77036
293027
111529
82230
84524
97956
115597
106096
93843
97553
60367
80563
83094
51484
134436
62547
67718
109660
123421
441837
77414
101810
96588
93392
89467
73339
80267
80634
129915
142230
71283
64615
110271
123033
90323
115636
86157
139663
99360
153268
98534
144569
133234
150091
64653
98001
63371
105290
82012
58132
51016
65413
71027
83596
85982
99717
74918
100204
181364
73699
156536
86416
98352
130205
110851
88755
160665
134548
96813
136096
86424
79867
62167
343308
108504
83293
152538
94239
100341
79576
96242
96654
150829
116762
164291
69008
58919
83731
64776
56017
56258
264198
97371
82969
164998
140150
116212
105810
69926
94901
82650
141393
96330
124569
104588
118719
104747
74594
128215
78846
46282
78476
89794
141043
86433
80823
95594
88529
120369
120963
60582
112088
89346
106783
70652
84559
136528
82382
102997
78808
62450
96934
108517
118754
98102
79576
138897
240490
104497
196541
119415
331723
232595
181955
82123
121853
110565
66021
126724
75439
88134
129643
99533
76729
59806
117340
87011
93210
109145
64174
87582
68900
622913
83472
69570
197903
74871
101630
94846
85009
83503
68613
240061
102585
68658
109578
69283
109329
75172
94885
86748
84451
165883
91423
80196
100218
181169
90803
611611
69174
112645
96752
75425
108458
77176
94752
104447
130273
63451
163049
123226
72101
126115
194111
516415
138320
180099
144042
112954
89460
170556
81216
83314
117867
65810
81276
78646
113518
110315
159423
67430
116754
209202
78945
83369
91741
86591
71912
82138
90349
67561
90382
117750
140361
76839
98939
195294
108836
70751
93281
113279
47435
134333
117776
107253
80146
101391
171404
172500
179880
374846
321219
226464
322388
57452
76640
112526
90307
628968
99887
79017
83179
141222
131087
92192
99878
141826
109109
154929
188863
134798
108355
83777
303613
80518
164496
113441
95905
86614
69882
98619
154103
144386
105179
95159
62199
181388
127728
96296
163600
55572
126403
113793
165725
159405
121026
87458
81369
94485
219553
169904
104364
83601
115406
112188
112114
113124
138368
124449
153788
134864
125961
89723
315079
171082
121502
92794
233695
107556
76613
100485
107398
128535
109009
141135
78999
114324
67867
419802
123279
92868
191682
105450
271175
153227
207074
62099
81262
68971
294301
117871
95516
86220
83713
86483
91057
110412
85954
129780
114835
147785
193415
106902
223060
177473
196556
57013
64308
114532
95640
61513
90920
86564
60679
162629
78597
96877
110143
92041
80947
66938
120130
136072
75915
130951
108513
87232
114177
144501
91523
96333
129540
111739
100819
169156
133200
75490
175553
67283
125212
73446
120906
118956
88501
85298
137013
93446
158787
80762
84544
71770
75563
365585
142229
98221
65523
222067
98742
364203
55175
124020
183518
46228
63411
59654
76973
66394
89367
62739
74443
93699
148126
93720
113360
91895
95338
567981
116176
85502
86054
123753
54250
70459
103590
124490
74672
135385
92287
186670
123635
216653
131415
128170
87359
114309
92343
67634
110795
181875
55493
130616
147222
161123
109195
49975
167819
80389
81732
120282
138028
103298
104059
115839
73647
77276
147589
74202
107063
121875
151397
162490
181161
132767
79776
885154
117150
146269
81875
105805
99510
84337
89262
113902
163601
90331
115167
112431
102452
114682
149925
146251
96983
174346
119728
142516
86563
136414
102273
100254
123225
102856
94100
67793
108218
141196
176360
134555
136744
97026
90062
80348
94158
246383
120432
143682
223165
49625
94354
116580
78954
60549
132579
65677
118343
93820
132976
108374
119430
109817
283126
82644
195139
117024
193508
127083
105441
64673
102683
83392
147418
91376
61179
125293
99475
77154
105339
114369
107557
100590
83203
82165
76469
108698
73720
229534
127298
86459
117678
92943
102517
146665
99560
87972
102154
132933
107364
88409
104181
76822
74579
95250
106195
85532
75870
82469
107249
96355
100347
88323
117280
106409
150667
139953
88003
258882
145405
115460
67633
118365
87871
125178
93055
81326
112992
91068
76653
75948
179504
86012
165812
115359
242187
86475
83806
154580
113793
104709
107827
119903
116158
94757
100130
121269
110740
103368
116315
109973
76269
104877
114249
77890
81705
107977
105270
108028
119377
138214
124049
183016
84761
144312
85975
103885
91982
93337
126546
114795
81704
188054
91292
80571
124567
68753
68557
80409
56085
81143
266757
60914
90063
68357
81422
79120
130677
95727
91509
79970
83010
88896
89247
78940
107457
94934
94855
87517
102703
101410
73793
119889
118353
87065
109860
121320
105299
110823
99572
98793
79926
114315
74044
78056
79630
131915
83979
81023
91492
81601
108612
106525
90005
77628
128679
164696
89789
91691
153612
85735
170130
117718
94859
84016
68658
102091
86150
116357
76908
81071
144825
95228
59866
110855
129137
141375
109558
106780
121552
201760
112583
96278
71217
215664
90268
115166
110153
116030
112141
103323
100190
90004
99485
91670
76573
76172
90833
107276
83154
107145
99922
108872
99439
98295
100281
142815
131429
157426
91237
80992
192440
175144
248984
77830
109469
86136
103807
79891
62135
98668
104194
110138
106815
130339
88859
240920
104809
132072
79692
93721
94003
168533
108737
110710
90724
86049
120282
123229
97874
99494
273480
97236
186317
85329
116579
99346
98010
193912
75976
143645
103136
101163
73745
190942
98019
194095
111796
121101
73040
71278
90246
94661
94407
95523
129154
140244
103971
131401
142786
64224
88536
344323
120603
212865
100939
103692
96929
96425
95888
81574
110949
144341
210254
86581
124751
108488
80438
132411
89591
74492
130994
84799
83700
62625
72284
64539
70801
356140
77493
101957
225898
87223
107230
203607
75206
88269
99098
87559
100221
102267
84941
88537
113983
131344
173034
111396
81485
91925
88119
109610
90137
96414
78266
92601
82176
64987
107197
70261
115978
81614
96638
115204
83589
117014
118996
115193
68049
99509
62971
132591
74251
127481
89027
69011
116493
86306
106232
97884
67144
73529
94178
66933
91379
101394
182679
113603
720231
96812
139407
171816
221599
130523
102318
226024
99916
144954
213827
79247
163685
89274
86801
55682
79546
145686
88541
138434
118198
100688
90613
101898
60125
92699
91996
105630
89255
124156
110690
122447
120965
93512
123407
76482
86094
115895
105894
70273
92249
88579
118218
77816
128526
261651
108478
98841
133662
87061
98342
57480
75419
100960
264744
86138
85706
111751
67570
132265
58034
133466
125455
91385
103852
77418
118570
140367
124161
72954
117046
115053
88895
80165
76815
73010
125814
90879
85343
111866
103501
93103
87740
115437
19200
78411
61372
85797
96785
91301
72278
61117
102282
113290
96200
119099
109846
124116
84803
117206
86393
107046
83691
97637
88638
85680
115975
96201
194418
71813
81548
75664
67845
59864
78488
66226
87521
100217
93170
309132
81309
92850
75545
90822
74120
93509
74763
80298
311975
104552
62714
80051
109566
80067
90144
118406
102921
81466
137437
150596
81106
100768
130527
293774
97102
95168
115712
135363
102819
120337
95955
84483
211893
88690
142059
53918
105821
89140
112819
131947
103330
127208
103534
103608
94602
359644
103888
134366
104899
86846
109247
115046
190484
94292
110048
79494
112748
94549
69420
91499
97136
88495
92292
111147
114110
107890
153438
133609
95766
78028
98040
103542
98593
82085
85493
105564
84437
100193
94793
94209
107639
99429
99875
129266
87555
114014
124139
100878
94384
82904
77333
85388
128073
81933
98183
101198
71209
112067
66304
68815
69552
69640
64319
70208
70563
76051
70453
69238
70265
73609
65836
65408
70064
69541
78936
77913
67919
67919
71433
67081
66074
75565
72264
72567
69541
71241
69121
71996
68137
68376
68298
68874
69207
75095
69390
66976
69406
70181
68913
68724
69596
66483
68940
70819
68774
72189
69375
68357
74488
73426
72931
73476
71444
68724
69971
68525
75234
65739
74139
76354
70439
71811
67964
65760
74529
67869
66881
70307
63341
66222
69340
73096
69570
71427
71519
66866
66857
67146
67198
70016
73484
71425
70702
71482
71365
70812
71516
69372
70416
68452
69340
66472
72235
72724
69071
72755
66960
73716
70667
70437
68353
65996
68760
67916
68103
70166
67658
69251
70714
68599
73151
77556
66606
67287
66521
69067
77427
65612
67315
71098
70213
71635
72924
68937
70286
71046
65551
69280
72420
66093
70193
69742
69109
68464
76200
73959
74747
72936
66794
74669
68968
69323
72475
69068
78625
72278
79384
67645
69884
68710
67804
69818
67467
70244
67194
73097
75098
65595
76725
70163
70295
70343
75026
70290
68104
